0.67587989
1.06005860
0.99905985
1.35423364
1.20696509
1.05597945
1.00045000
0.98927587
1.05374530
0.39767978
0.79521693
0.76618892
1.03139304
1.87340345
1.04423795
0.50694712
0.51294957
1.95509036
1.24687986
0.66711921
0.82172592
0.61877374
1.03114665
0.11713693
0.46322880
0.53594734
0.81778039
0.43605244
0.54500330
0.51466944
0.71416199
0.43051955
0.39982699
0.63869456
0.43367807
0.46724161
0.41505291
1.01907218
0.53748734
0.88380874
0.90404309
0.71962685
0.86226894
0.74100594
1.14971686
1.52576458
1.29383564
2.22841429
1.02957598
0.64163132
0.94727369
1.37976358
1.09738844
0.05053983
1.12181570
0.60335091
1.03115971
1.10943985
1.65756063
1.29288497
1.21709545
0.96646196
1.18425930
0.85986933
1.05719302
1.07860307
1.08243749
1.05528675
1.94781186
1.66569294
1.07394514
0.97630021
1.07267852
1.10201563
1.09209799
0.99197445
0.36521134
1.16779367
0.93391317
0.91214779
1.02285341
0.76852659
1.77634674
0.86944721
0.89631344
1.11551135
1.04187532
1.05780156
1.02932425
1.09102879
0.76998859
1.12185955
1.33816670
1.10831840
1.68724853
0.52636344
1.87735520
1.90222025
1.73467597
1.70451060
1.40384341
1.37890171
1.40695674
1.63271988
1.76375369
1.93142833
1.41473945
1.74226291
1.40337385
1.85512399
1.86674262
1.80400692
1.85510437
1.83869353
1.86126731
1.85082174
1.92824580
1.87752638
1.40261996
2.10472694
1.84884784
1.93105216
1.88905486
1.30637449
1.30629443
1.31133376
1.30652293
1.38677953
1.34789904
1.34789904
1.34855503
1.93440742
1.74458267
1.63323255
1.70386679
1.67163467
1.52447692
1.21777904
1.06334468
1.12018990
1.58426824
1.52905668
0.97762255
1.15160263
1.88222350
1.10220095
1.07203774
1.10032544
1.10569299
1.18462576
1.18109933
1.16240658
1.11192951
1.09907372
1.18115740
1.57093209
1.16975846
1.14846123
1.12234736
1.11855562
1.17195572
0.81522511
1.20340913
1.74014214
1.13804332
1.35747509
1.40889944
0.91066888
2.07494995
1.30484811
1.69917557
1.03966759
1.20127897
1.10671735
1.20123361
1.08830295
1.19123058
1.08305634
1.09053401
1.41107236
1.60610500
1.10281203
1.10509573
1.42484577
2.06267559
2.10084832
1.12632219
2.69064644
1.93623346
2.06267559
1.12784079
1.47778232
1.67657626
1.12632219
1.51025340
1.10671735
1.51922648
1.20764862
0.99185334
1.58364228
1.13260546
1.48575831
1.67388092
1.12128286
1.66574746
1.60135241
0.91069716
1.12836463
1.64844699
1.14152601
1.31907348
1.14656534
1.12523123
1.14656534
1.44584493
1.62922097
1.44584493
1.44584493
1.44596341
1.80942444
1.44643812
1.20922769
0.94507455
2.15974268
1.93746962
1.24060779
1.25195570
0.84466430
1.24057172
1.19043199
1.14013242
1.42371578
1.40462957
1.16549176
1.13913682
1.72814824
0.14069369
1.08172370
1.01574808
0.96389945
0.93645937
-0.05120821
1.01465607
1.44364802
1.15625084
1.30145032
0.55770903
1.29502501
1.12685114
1.31133404
0.99429729
1.43592595
2.27789831
2.20186464
0.72297708
2.29441993
1.31688052
0.51741241
1.53864207
1.00597205
1.44173901
1.47014901
1.45832766
0.66399682
1.87931998
2.25225110
1.83358144
1.06367799
1.23040424
0.79209207
2.30300485
2.31648502
2.31091939
1.53308187
1.04001300
1.44715333
0.90025471
0.90568617
0.65303353
0.26626901
1.29619881
1.37297976
1.99996551
1.35801816
1.09200418
1.20741484
1.49204743
1.16094215
-0.04657635
0.82803327
1.81200493
2.20227439
1.68879189
1.86450025
0.06481155
0.87732288
0.65355560
0.49385405
0.73079812
0.75594703
0.78420757
0.22035400
0.25757330
0.23051850
-0.07681232
1.75735664
1.24034646
1.39245185
2.29758329
1.39865602
1.45468930
1.40706040
1.33636003
1.12890577
-0.07662404
2.05339230
0.10425908
0.78002466
1.04643184
1.03535555
1.82864083
0.86418449
0.09023530
0.11177652
0.05502513
1.28334656
0.29701634
1.29503133
0.58735737
2.39656701
0.54938130
1.82281030
2.02415350
1.12431509
0.95924650
1.10658672
1.93819906
2.29223231
1.57971374
0.26180597
0.96684434
1.85617055
1.11000681
0.57504588
0.97768092
0.87177062
1.27256651
1.20784713
0.23051022
0.26341128
0.26971507
1.00604298
0.78424847
2.06413203
1.86039819
0.78463025
0.94354217
2.14789522
2.10282845
1.67972017
1.01929296
0.94849291
0.25700567
0.64745429
1.06433444
1.38565966
2.28899695
2.28199827
1.90932937
0.31707013
1.84851612
0.80315082
1.91067092
2.51646349
1.72339401
1.02779277
0.99413114
1.12644407
1.21737941
0.94916093
2.46779107
1.27190309
1.17359170
0.99696951
1.24561320
0.22287083
1.40258098
1.99949145
2.24533716
1.18330469
1.59443634
0.24570461
0.49727630
0.43245821
0.96799625
0.13524689
0.56556665
0.42744312
0.41290437
1.70621753
0.43851368
1.36657195
0.03949968
0.87125073
0.59596021
1.56582443
1.72489161
1.17202630
0.62969844
1.30031679
0.92253360
0.86642857
0.23180904
0.61372217
0.29559689
0.13732370
0.13004413
0.13115902
0.12566356
2.03477575
1.36224117
2.08943733
2.41465229
0.41744921
1.81426755
1.11000985
0.29013086
0.23696714
0.21669106
0.69490036
0.97504814
1.76967111
1.39096155
2.29929070
1.45937999
0.06175816
2.11426854
1.34468424
1.07500433
1.36128665
1.43250002
0.93619990
0.76988818
1.57532747
1.24721335
1.34009709
1.40277121
1.34420296
1.29329906
1.56077869
1.27676115
1.36904552
1.36903479
1.42824887
0.48972048
1.81996654
0.39607510
2.00506192
2.10271555
2.17775111
0.23256980
0.25810810
0.25810810
0.25467481
1.92398175
0.85203391
0.57896668
1.40456965
1.38989547
2.50216404
2.35954381
1.60545616
1.89914482
1.87907469
0.87165153
1.89914482
0.49352676
1.24341389
1.87907469
0.86159308
0.90222503
0.90224581
2.13071877
0.89718573
2.10065735
1.87907469
2.13378003
0.90222503
2.15061153
0.89718054
1.30118166
1.23120346
1.32060795
1.26499898
1.50343770
1.38814428
1.89914482
1.17063529
0.69006054
0.94078383
2.13071877
1.83222461
1.90418415
2.14393914
0.87164650
1.61728329
0.73037514
1.37087787
0.15861959
1.38586192
1.35141729
1.35296780
1.35028876
1.32340405
1.29942940
1.27183645
1.28104039
1.30717102
1.34637475
1.38602803
1.49544247
0.82684890
0.53917605
1.33607537
1.46878718
1.47103171
1.34035229
1.43674289
1.08741149
1.58381626
1.36306798
1.06112040
1.06719984
0.81851367
0.71253077
0.81962518
1.46937067
1.25896211
1.99204276
1.29203892
1.54122297
1.33008963
1.78666995
1.22578394
1.53212982
2.03102232
1.01266000
1.06212404
1.83050398
1.35600902
1.34584274
1.19278096
1.50044764
1.27160807
1.72388627
1.27992382
1.53526625
1.53146130
1.31889345
0.72161477
1.06349027
1.59510761
1.44973887
0.83742270
1.35429567
1.27498827
1.52225647
1.46121072
1.02490722
1.19369144
1.16142401
1.20698339
1.21656603
1.15272754
1.22560866
1.28549525
1.19117914
1.15367813
1.19459583
1.13995847
1.12430406
1.21392940
1.19249682
1.21902055
1.16765953
1.28120100
1.23302108
1.19188223
1.14527006
0.19097367
1.48468878
1.47473010
1.43450879
1.82941407
0.63870655
0.59049107
0.75688253
1.18436979
1.27889976
0.58811964
2.04579843
1.49073369
2.07182150
0.92301727
1.43755912
1.39071004
1.20429725
1.39663731
1.10235320
1.13845153
1.00999750
0.98972559
0.99575773
1.01900777
1.00100701
0.99399174
1.00103786
1.01056359
1.03399245
1.02625172
0.99620129
1.02976310
1.03345807
1.00571889
1.01916092
1.01620596
1.05526700
1.04515863
1.44445197
1.46992674
1.03935098
1.43822339
1.03183386
1.43785851
1.45336959
1.02653058
1.06525919
1.32041726
0.84114379
2.07975568
1.29354313
1.37847366
1.41122978
1.40115112
1.45976373
1.56830865
1.46234497
1.49279357
1.51138508
1.97519756
1.16274907
1.16536023
1.16283553
1.98538165
1.97572970
1.53090865
1.62449410
1.16204525
1.16247183
1.16853470
1.61964361
0.83281916
1.10908517
0.91014205
1.50284077
0.81430502
1.57874207
1.35276663
1.19566007
1.21804862
1.21519491
1.24486576
1.29216306
1.92578366
1.40594869
1.65181404
1.13023031
1.54997981
0.86915466
1.01508730
0.92400394
1.47446983
1.19213705
1.01403640
1.03081028
1.12172321
1.57037061
1.49693025
1.39388527
1.15353571
1.43555348
1.74147535
1.43401642
1.18936578
1.70380849
0.42610862
1.73903698
1.69456866
1.41338177
1.78504214
0.84071629
0.72464503
1.81667489
1.21783264
1.28209732
1.40619045
2.09163744
2.13588397
2.09285783
0.57790652
0.83902925
1.55246337
1.35902411
0.84620145
0.58515734
1.09381915
1.52911366
1.33948754
1.17509710
1.50706090
0.97017587
0.99364747
0.99627058
0.94377817
1.87365316
0.62511937
2.00575301
1.09223695
1.90544594
0.66288160
1.43236936
0.78758189
1.81634129
1.00130406
1.12747427
1.02704374
1.44208834
1.65047332
1.87983867
1.94073515
1.84964056
1.65973493
1.70112267
1.95759517
1.44723967
1.69822645
1.83664119
1.66175712
1.64398729
1.68388000
1.39256862
1.09847977
1.87983867
1.43710498
1.44214432
1.44214432
1.43710498
1.29897633
1.44217231
1.44214432
1.44220033
-0.05897094
0.11605018
0.19153564
-0.01715533
-0.02219465
1.75760866
1.77863987
1.65519781
1.04079149
0.76877344
0.58565152
1.33185177
1.82869346
1.82854762
1.73550463
1.53020766
1.38731707
2.27901876
1.78801493
1.75777897
1.72134537
1.80891510
1.82920637
1.17666864
1.79345576
1.80231888
0.27298861
1.91292052
0.97274630
1.79768615
1.23465051
1.21180974
-0.02369565
-0.02369565
1.73065411
1.91044384
0.99995610
1.02781409
1.74179172
2.24350848
1.98800119
2.39909420
2.49277539
2.40227935
1.49655967
1.44865595
1.41610234
1.02802093
0.00150099
2.03951678
0.39306752
1.40647346
2.06634716
1.30451376
2.04628631
0.98044816
0.05870276
1.93251260
1.83978860
1.77427737
1.25118434
1.17500474
1.15698464
1.14367728
2.00517138
1.76498865
1.35436911
1.84625433
2.16036964
1.61078767
2.05494106
2.07600442
2.18307733
1.49779516
1.77939282
1.20712684
1.85412290
1.75045911
1.79039630
1.78065831
2.07958241
1.65207736
1.75105048
1.31472826
1.77458961
1.71032745
1.71912106
1.72052838
1.71235595
1.71323329
1.70458970
1.69880489
1.70542718
1.70689148
1.66599456
2.22436932
1.66547772
1.54852589
0.43019783
0.93817096
1.95384422
1.96262354
1.54612301
1.42378192
0.90932330
1.68685150
0.90797697
1.17664939
1.68990779
1.55183340
1.29100903
1.07083102
1.60909278
1.73827521
0.71317220
1.21890867
1.37840823
0.24080546
1.72090054
1.17672949
0.58720171
1.14643562
1.55509490
1.84549551
2.08428055
1.93482049
2.09147542
1.98403995
2.05567173
1.79592704
1.79424169
1.82008516
1.94364755
1.79952474
1.58029193
1.61020239
1.85944535
1.88329306
1.62763369
1.61940088
1.60458447
1.63764594
1.62620969
1.59105304
1.61613900
1.61914002
1.64038393
1.61132001
1.62347467
1.60744088
1.62476624
1.57056469
1.83392400
1.72992659
0.96209534
2.32965205
2.09686245
2.01325664
1.98211589
1.97228879
2.05093748
1.94552113
1.95967102
2.05705565
1.85336449
1.81163973
2.01678944
1.92038657
1.95362159
1.96712200
1.96040553
1.99540661
1.99620047
2.02243883
2.04840021
1.98456769
2.01651859
2.04037675
1.98084413
1.98000391
1.98421100
2.03710076
2.01740013
1.88123652
2.06964279
2.06175508
2.02446363
2.03280819
1.85767254
2.24322800
1.45314585
0.83863455
0.75114754
1.07665151
1.09917387
1.04972397
1.12625757
1.54622977
1.12191904
0.93419534
0.66558442
1.10023364
2.20288438
1.62094327
1.95427481
1.83142327
1.57469117
1.90021003
1.13310610
1.14822609
1.14541920
1.14517783
1.13529475
1.27745234
1.00230036
0.86677794
1.65943622
1.69459294
1.73947972
1.69567242
2.12753404
1.75036243
1.71510009
1.25675304
1.77825719
1.87194629
1.86718840
1.75690969
1.69920957
1.74106683
1.69588052
1.32636772
1.76592941
1.20271356
1.79265925
1.71049682
1.17830685
1.59824777
1.19832357
1.95648792
0.61859428
1.77099619
1.81777872
1.70137468
1.81987889
2.06434695
1.95801378
1.86932290
1.77269378
0.85027568
0.32246548
1.05195491
1.94182644
1.85423037
1.33404833
1.89798220
2.45929732
1.40793956
1.41296268
1.58262970
1.41297889
1.38802086
1.41297889
2.49885383
2.48498884
1.80291296
2.48741380
1.41293021
2.48809531
1.41297889
1.40296519
1.40792335
1.41297889
1.41050077
1.41296268
1.41296268
1.38290328
1.55693391
2.48797739
1.43579593
1.41296268
1.55710073
2.40368162
1.51946849
2.52440523
2.50602718
1.41309255
2.03817322
2.53325601
2.48188213
2.43736081
1.71593612
1.78059442
2.18640688
1.11250208
1.03348903
2.15180344
2.05145597
2.17673019
1.79850071
1.08099786
1.94450013
2.19826770
0.71494410
1.93671170
2.27665676
1.35372793
1.57000898
2.31052949
2.26074892
2.24408758
2.09647577
1.88422966
1.60426335
1.68953916
1.83685046
1.79036605
1.84326154
1.79109807
1.81892223
1.14261750
1.86730503
1.52225816
1.50316953
1.81650658
0.52146226
0.53068839
0.52614944
1.91972324
1.11386827
2.08297490
1.09812342
1.22458583
2.18247976
1.78929440
2.15735481
1.86722960
1.84494990
1.44886082
2.17270931
0.89035833
0.89734664
0.89637594
0.89684242
0.86782702
0.89264000
1.03598628
1.02585914
1.01053984
1.03531780
1.02525440
1.03844276
1.02666692
1.00941100
1.01788574
1.02938234
1.03403209
1.05213639
1.03704679
1.00845334
1.02184779
1.04292001
1.03733223
1.04135475
1.03151304
1.03538321
1.04193033
0.98879619
1.89595429
2.37308943
1.80037118
1.73162930
1.52214254
1.57043920
1.58053644
2.16754141
0.32171654
2.03959147
1.62725194
1.64410629
1.65809678
1.09349866
1.86370100
1.18618804
1.18540623
1.84184670
2.17704586
2.12981654
2.14505129
2.19812073
2.15664630
2.09906263
2.14582783
2.10078488
1.98309551
2.05315807
2.11525848
1.96613697
2.03811406
1.80438159
1.07952016
2.03187256
1.53835842
1.54291127
1.20192504
1.90226549
2.31527697
1.24004004
1.20287737
2.19772269
2.13984125
2.14581057
2.01652224
2.18954313
1.76945038
2.28276073
2.14669540
1.55508158
1.58940676
1.20225539
2.17799877
1.70179036
2.22184029
1.18679110
1.31248241
1.91754634
2.02245424
1.19558889
2.13112006
2.15513435
2.18392695
2.21804892
1.53067592
1.14028339
2.13122148
1.29519534
1.64672169
1.64688406
0.59352128
2.04814750
2.04772976
2.04783336
1.58677499
0.88787153
1.03598628
0.99253183
1.04546187
1.21955292
0.99989447
1.00505319
2.30672322
2.36989109
1.54448940
0.51879133
1.60628789
2.16822512
2.43378578
2.16894721
1.59274763
1.74704372
1.78199674
2.18563430
1.67624774
1.85226449
1.91149036
0.93410086
1.88358436
0.51826055
0.42841667
1.30226802
2.03807071
2.02485929
1.62710770
0.99560847
1.19910642
1.89331872
1.82018502
2.16692501
1.11247725
1.25742375
1.84050564
2.16146056
1.67863233
1.67871491
1.60138466
1.13505550
1.96043907
1.91581606
1.72771634
2.30151751
2.36252696
2.30895215
2.08109527
1.78916307
2.00550705
1.87376271
1.73919507
1.62164206
1.71215281
2.23259632
1.70019913
1.70019845
1.68446543
1.70019894
1.67095127
1.70019845
1.70019859
1.69511536
1.69510406
1.68453248
1.70009841
1.68452230
1.69518192
1.67076234
1.70522795
1.99484485
0.78544461
0.51436901
1.88653842
2.36555417
1.89915908
2.14734816
1.89383544
1.79121827
1.67647312
1.66579482
1.66611375
2.06513576
1.56216980
1.58423359
1.62266032
0.36858968
2.36954324
2.39712531
2.26075923
2.23485056
2.40903755
2.31641068
0.38802819
1.73885368
1.93420177
1.92881175
1.90108530
1.90915911
2.21336248
1.85603813
0.41322482
1.13028454
2.08923682
1.54536814
1.60348634
1.77718081
1.65314525
2.33886480
1.53801037
1.71906659
2.08863581
2.10669238
2.08241695
2.04839584
1.61164111
1.60668687
1.72173471
1.73970757
1.25278843
1.89722309
0.88688523
1.17042541
1.95590714
1.38514442
2.09525187
1.37689949
1.78666167
2.13260390
1.86795456
1.73371869
0.48881472
1.35772522
2.46880788
2.55908090
2.43833234
1.47201750
2.46876853
1.56119918
1.56209608
1.56087183
2.10205364
1.47522237
2.08330980
1.49028236
1.47094896
1.47094896
1.35772522
2.47652253
2.47652253
2.47043516
2.58092859
1.55546969
2.57372461
1.56544883
1.56209608
1.45839341
2.57658977
2.54538802
2.55869044
1.45738015
1.56259360
2.16428839
2.39624880
1.54642865
2.58179543
2.43943992
1.55546969
1.52310875
1.93798122
2.48217749
2.24827714
1.25774610
1.25247887
1.15301067
0.91949355
1.63840248
1.37389336
2.09518065
2.09059694
2.22429615
1.70401253
1.22512244
1.35459502
2.15120792
2.14138298
2.21631293
2.28458001
2.23415092
2.11820867
2.20328097
1.84317738
1.94152870
1.36173176
1.76872380
2.34704857
1.27379667
1.97835963
1.93931278
1.39925662
1.71733163
1.62579781
2.05882798
1.14773265
2.11637212
1.96965232
1.59235742
1.59239962
2.39331668
2.14957427
2.37000706
2.29221703
2.37126579
2.31462330
2.15243013
2.33514485
2.32061496
2.26884796
2.27072155
2.33061913
2.29311492
2.29195564
2.21362999
1.95599817
1.32882915
1.16591382
1.49389274
2.28656785
2.27124499
1.22395636
1.22255874
1.38406797
1.33515558
1.85251308
1.83972711
1.53352232
1.72403822
1.65469485
1.41698668
2.10935295
2.11102062
1.87846664
1.82759004
1.80269850
2.00282389
2.28897905
1.80221118
1.88227782
1.73114858
2.30792195
2.16243914
2.19426459
2.15939660
2.17361544
2.20548397
2.16108951
2.16082000
2.16350307
2.17535940
2.20537768
2.18206059
2.16686168
2.12834335
2.21027688
1.19105687
2.03239986
2.23322820
1.85514157
2.19009745
2.18223241
2.24756712
1.51324524
2.05403791
2.08472683
1.84852635
1.65652766
1.88379401
1.87735179
1.85901450
1.81715378
1.91004649
1.73149394
1.91900860
1.84252087
1.70040158
1.75477993
1.05068784
2.22195829
2.14516836
2.28535853
2.21937914
2.12292021
1.51442021
2.18723213
1.94627143
1.36448734
1.88549334
1.79039307
1.90896802
1.93275649
2.10836419
1.62412251
1.21247114
2.00082779
2.24883460
1.71197804
2.25486216
1.51376022
1.11976225
1.78983117
1.92491323
2.06314009
2.38386293
1.74410693
2.07436240
2.01388178
1.51677391
1.71383134
2.21480684
2.23869777
0.42831124
1.13378183
1.29353388
1.66404095
1.60373734
2.18696995
1.75699586
1.71894442
1.88928973
1.92321245
1.40548627
1.85893350
1.85789371
2.03978265
2.26071894
2.29355245
2.06340440
1.78678057
1.59001145
1.79495513
2.11554479
1.82791014
2.10116647
2.06479678
1.22543505
2.20572364
0.41850757
2.25186406
1.88652313
1.74121306
2.22820396
2.09593633
1.84899015
1.78653518
1.87322421
1.77416275
1.33920188
2.25564797
1.41479774
2.21812601
2.18850969
1.87042623
2.10644342
1.89552178
1.77415375
1.21373557
1.77691179
1.22812193
1.77469312
1.67451550
1.19657039
1.78431041
1.71769806
2.13935101
1.22614647
1.88139589
1.66278878
2.18363903
2.29639421
1.91951407
1.19236246
1.89281886
2.37770517
2.18194900
2.08595510
1.78317307
1.77468432
1.64337424
2.31175758
2.19165142
2.18428897
1.78157345
1.27076288
1.61890141
2.03259124
2.23242431
1.95581384
1.15844450
2.08874621
2.03962552
1.53282581
1.50946893
1.49105511
1.50275509
1.47053798
1.51256967
1.55106073
2.42552065
2.50736199
2.55002478
2.39650265
2.42384588
2.53092668
1.55598530
2.37537533
2.47179107
2.09075606
2.09083517
2.09083517
1.49825472
1.55590762
1.62558139
1.55621844
2.20789300
2.24517748
2.41852964
1.55055664
2.46741400
2.08579584
2.51616915
1.55090373
2.44255224
1.55021001
2.41416494
2.37817104
2.40525984
2.41130101
2.47113670
1.55490317
1.46232161
2.43505338
2.43505338
1.53787323
2.47657532
1.55536458
2.41317249
1.53781949
2.10092782
1.66269864
1.54683178
1.54874196
2.53840972
1.55555878
2.47118518
1.55151228
1.59059416
1.50104118
2.49138674
2.56328813
2.47113670
2.45009947
1.51035358
1.82552530
1.53781655
1.49829453
1.52073386
2.36554248
0.54348044
0.58018728
0.88517165
0.41649173
1.18188352
1.01988207
0.44029011
0.32942492
0.94606095
1.28550661
1.42169350
0.22089063
0.88551868
1.31208885
2.03569336
1.84313534
1.81322945
1.82514156
0.01013828
1.03111544
1.36182432
1.25246158
1.10111603
1.90743813
1.42768805
1.13285092
1.27750117
1.28908665
1.22458878
1.18566590
1.22897165
1.79996389
1.07617233
2.26104917
-0.03153797
0.32151051
1.60504615
1.16019492
1.15721532
1.23619368
1.78762852
2.04757758
1.87552780
2.10455777
2.07019960
1.91450928
1.56809099
1.33547014
1.34922935
1.34935888
1.34835447
0.53683896
0.68913512
1.08804095
1.94571610
1.83193142
1.98907391
1.11549260
0.61406813
0.98416809
1.10876573
1.88871390
1.82103530
1.14819402
0.09574721
1.32037982
1.36133203
1.33506521
1.33259781
1.21134436
1.21389537
2.16195074
1.12073009
1.94665549
1.92262762
1.26127390
1.47250055
1.86561661
1.80676373
1.68280176
2.14522719
2.27790063
1.92611973
1.51907240
0.41261453
1.55085184
0.38287611
0.71429427
2.01669531
1.09544347
2.16877040
1.31908520
0.92718148
0.94999870
1.73846821
1.31200308
1.02333832
0.91533015
0.23180904
2.21103537
1.81127539
0.80264311
1.38475419
1.04171070
0.72205866
1.60798459
0.62468162
2.11852252
0.56371865
1.34012919
1.30194968
1.31339267
1.77958654
1.21977251
1.09991102
2.04896559
1.91177000
1.58117545
2.12858054
1.11014069
0.60558016
1.28744493
1.65302388
1.20227505
2.11568553
0.85114604
1.58941616
1.30323779
0.06551125
0.36350042
1.14940446
0.88045473
0.86632763
1.55653442
0.28276896
1.31732002
1.66271626
1.81312709
1.92107762
1.11207258
0.94141174
1.64434412
1.81981889
1.83058622
2.24719780
1.83371597
1.09037834
2.05728322
1.17095772
1.83397630
1.72420012
2.14779663
2.31098753
1.73611188
0.97990141
1.20906627
1.66265792
1.24427178
1.22921013
0.90203165
1.22991124
0.94979572
0.18011377
1.92761110
1.93394733
1.13568448
1.07545290
0.17320578
0.09574721
0.60569527
1.15717460
0.56441726
0.67525411
1.55337865
1.03779383
1.16484186
0.33380838
0.42350590
0.91145353
0.47204740
2.17002634
0.95546143
1.81589486
1.59630476
1.05314158
0.88681039
1.18124606
1.81476136
0.49478780
1.38410985
1.03742023
1.07647650
1.17742093
1.14938319
1.20383123
1.21295691
1.16384136
1.22107654
1.15429670
1.13100716
1.13518961
1.19218641
1.31693509
0.98431235
1.31456844
1.75930308
2.23056096
0.07055058
1.12188835
1.15354046
0.98731266
0.99290909
0.98038373
1.01657299
0.44455497
0.45885269
0.45857875
1.13803552
1.86904917
0.99564003
1.73362633
0.38315286
0.45132296
1.77028187
0.90722728
1.32047973
2.06028557
1.04244619
1.20779388
0.87468125
1.38619150
1.27675805
1.61970397
1.71325406
0.58375734
1.95782615
0.10109118
1.68694361
1.38052850
1.30638758
0.99943626
0.43338212
0.26923868
0.22359906
1.67487952
2.16808667
2.06004067
1.44767158
2.60514943
1.29899390
2.51144266
1.11427900
1.25382999
0.93989779
0.87538188
1.36173642
1.33823303
1.33525794
1.30583096
1.37446917
0.89324865
1.34805450
1.33552893
1.37385718
2.45958600
2.45979371
2.46068197
2.57049657
2.54659837
2.45475438
2.59415115
2.55284210
2.46068197
2.57118857
2.45578292
2.46068197
2.47487286
1.93106050
1.93106050
1.54326179
1.92670372
1.54302092
1.46945261
1.48942422
1.53814215
1.33598103
1.93106050
1.54312793
1.54312793
1.54326179
1.53798159
1.39039877
1.39545701
1.51117862
1.55566779
1.54547590
1.46533273
2.29547251
1.54326179
1.56577040
1.47533511
1.38447933
1.51950429
2.45083374
1.40071308
2.58370242
2.50071463
2.44225990
2.53769924
2.41504559
1.55048720
2.51867073
2.42941486
2.52936773
2.54004877
2.57110352
1.87835981
0.27953256
1.88358311
1.65731416
1.62845710
1.77462700
1.82267460
1.62241332
1.48546832
1.78471132
1.56008824
1.76691031
1.68587603
0.86161837
1.80995325
2.17331266
1.81566711
1.72650894
2.23154759
1.48520160
2.27550723
0.28957814
1.21586905
1.22110975
2.13875682
-0.03763418
1.89148535
1.85436813
1.60549403
1.24188432
2.24750572
2.02446997
2.01250962
1.87731214
1.99556956
1.97321846
1.74812599
1.70850200
2.07362158
0.93606765
1.10629579
0.85188482
1.73722862
2.25498908
1.98285153
1.19245394
1.81272989
1.92405568
1.88904766
0.89691938
2.37700621
2.12332263
2.13636445
0.93686666
1.89126738
1.74528955
2.21670488
1.28841739
2.23296190
2.21371313
1.97233909
1.66079670
1.49560638
0.61853130
2.30066835
1.93565208
2.06661356
0.21047229
2.22935086
1.60471625
1.55587127
1.55274195
1.87774590
2.32913273
1.88224033
0.46361808
1.29756583
1.44291258
1.92061869
1.44170940
1.78882843
1.88176884
1.35589308
1.80340288
1.79477044
0.46857173
1.42306382
1.59733712
0.08481066
0.25580499
0.93137670
0.93999196
1.21850923
1.62180037
1.74523469
1.31230004
1.84692473
2.24519617
2.25411320
1.22776951
1.26827684
2.18296105
1.72464702
2.09526318
2.21340839
1.70071669
0.86097908
1.78445945
1.83170104
1.93949978
1.49215850
1.82455700
0.30621951
2.04115474
1.55922070
1.98120951
1.60865144
1.93532916
1.31544688
1.32458427
1.82011971
0.03448931
1.85867762
0.90275042
0.88357209
0.80972545
0.17099876
0.97094365
1.27723772
2.10236847
2.26583597
0.24188771
1.82966109
2.03516231
2.04688613
1.91602807
1.88274652
1.89249037
2.33969336
2.20015534
1.38019677
0.84513455
1.08376030
0.22218834
2.09553365
1.76940684
1.89117340
0.22441083
0.37505358
0.15268080
0.12748417
0.27866397
0.09488931
0.15922111
0.42981830
1.52100505
2.05605085
2.11921069
1.49372544
2.06193722
1.80289337
0.27323318
1.91368949
2.00264691
0.83297308
2.09405989
1.39095531
1.83176813
1.78654849
0.80459548
0.73651528
1.90317843
1.09088258
1.72207811
0.25931805
1.84495324
1.60026293
0.78929565
0.39831190
2.17962091
1.29345669
2.53583403
1.53348465
2.29789045
2.09346735
2.01941479
2.09850665
2.09850665
2.58075925
2.41528309
2.48237733
2.43404454
2.41842377
2.57966264
2.48775336
2.48775336
2.48775336
2.54717293
2.33107959
2.37111084
2.48775336
2.48775336
2.48775336
1.56568550
1.64648961
0.72960316
2.38659010
1.52708161
1.52710463
1.52726587
1.49695194
1.45998102
1.51094310
1.10282390
1.51081403
1.57567737
1.39790018
2.47126846
2.39998591
1.56573515
1.57566499
1.57566499
1.57567737
1.51353835
1.54480387
1.57565261
1.08816444
1.06213327
2.58857666
1.48960350
2.48790649
0.61755851
2.38648273
1.52933107
1.54983463
2.30034323
1.05197704
2.48271406
0.39597139
2.43523864
2.47685512
1.58627419
1.37876336
2.10622099
1.52162753
2.10116815
1.51471526
1.19733858
1.02732293
1.08291528
1.08293274
2.48430690
1.08291528
2.55033805
2.48429336
1.53204947
2.54543208
2.10622099
1.51721854
1.15697379
2.15931278
1.66518261
1.46831478
2.06128433
1.81569246
2.15983220
2.15696693
0.16602961
2.27183110
1.94597690
1.99312050
2.18362673
2.10402520
1.36949682
1.89237185
2.11936658
1.79870469
2.13224494
1.53526482
1.63007808
1.53452540
1.57266298
1.55860040
1.55830112
1.46829458
1.53501317
1.52618782
1.50793827
0.12094385
2.05567821
2.01574124
2.33746962
2.24104617
2.03623422
0.39306752
0.35854175
1.98969113
2.00659846
0.12931098
1.90626118
1.90109259
1.56338357
2.14276963
2.05110727
1.91660032
2.05570471
2.21674270
2.16722741
2.11731819
2.15438063
1.88863792
1.41955609
1.87141631
0.45554249
1.52204663
1.52204663
1.25069458
2.14017169
0.85224770
0.44283904
1.11535859
1.92708208
1.89557107
1.98292534
2.21162399
2.05708494
1.95570390
2.05397427
2.07568123
2.03732527
2.09943472
1.92433945
1.97927346
2.00638786
2.02654089
2.02234589
1.87459619
2.03298763
2.04898828
2.01947863
1.88736639
-0.00241153
2.22805138
0.94276058
2.31432407
2.31394268
2.24685139
1.38702301
1.32370281
2.03911366
1.35067224
1.32631577
1.47671131
2.04375032
2.18184012
2.15085414
1.99953509
2.03888076
1.96949712
2.09323930
2.09447016
2.08845964
2.30037002
2.14708362
1.98968959
2.12574210
2.20119067
1.06907499
2.11285048
0.64652627
0.90687001
0.91428494
0.92807737
1.12891999
1.91584636
0.89454287
0.46735345
0.96372869
1.89321724
1.97434902
1.96345490
0.63819830
0.84915596
1.88799896
1.91085346
1.74433073
2.07726657
1.94955920
2.29628685
1.77242458
1.95005098
1.88586329
2.27858892
2.23778739
1.90032062
1.89681272
1.98990214
1.74786739
1.90568198
1.43866682
1.42448979
1.37154007
2.17821965
2.22454464
2.04844211
1.81217342
1.24125826
1.44997663
1.61426602
1.62692531
0.02526259
0.03023596
0.03527529
0.02543012
0.03023596
0.08062923
0.50484880
2.19645071
1.66188812
2.21268337
1.77242618
1.24143999
2.11114811
1.76896981
2.20214403
1.86089553
2.15110945
1.08654849
0.98004184
0.99008991
1.98143190
0.35636183
0.41307722
0.35709559
0.35389459
0.34899630
0.34891446
1.85758755
2.25218178
1.88722341
-0.01029094
2.06796647
2.07430412
2.00467556
2.00467556
2.00327534
1.98252082
1.95861361
0.97205522
1.95231504
1.96974210
0.33217270
0.10665797
1.96914977
1.96444042
1.36492302
1.42331870
1.87395547
1.21790055
2.15341329
0.94301248
1.89375065
-0.00176917
-0.01109027
-0.00107742
-0.00098810
-0.00671548
-0.00138300
-0.00176917
0.00830949
0.00409408
-0.00680850
0.53435222
0.00019559
0.41918031
1.05892055
0.99634595
1.00457471
1.02003408
1.04405640
1.74063003
1.00362178
1.12605027
2.15386539
1.89479018
1.52004150
2.00316440
2.08642455
2.04920125
2.45215469
1.94839873
1.37247154
2.29828154
2.47423776
2.50729457
2.41891290
2.23476723
2.32274740
2.36802357
2.32655280
2.35441389
1.97357966
2.42171423
2.54684756
2.58272717
2.48387321
2.48213144
2.41162335
2.28506941
2.41613136
2.54505436
2.46152192
1.93783995
2.36014862
2.40029375
2.54278921
1.95410661
2.45206845
2.04911075
2.45285901
2.04911075
2.58462474
2.34470544
2.44737763
2.34993852
2.35497786
1.95410661
2.35497786
2.45206845
2.34970684
2.56376889
2.54342833
2.58866867
2.35497786
2.46559080
2.53515979
2.36001719
2.44190256
2.45206845
2.45206845
2.46038768
2.35497786
2.34993852
2.34993852
2.34970684
2.35474617
2.45206845
1.84990458
2.12602889
2.21012101
1.95098297
2.19914028
2.16639336
1.99800855
1.89158785
1.14166095
2.22036344
1.58629372
2.05693701
1.61144499
1.52384575
1.57974803
2.25708836
2.27577205
1.73002541
1.73867670
1.71489438
1.73743577
0.03543957
0.04535395
0.04535395
0.03527529
0.04535395
0.05039327
0.04031462
0.06047193
0.04031462
2.27378145
1.96027722
1.86092995
-0.02696580
2.13929495
1.87606984
1.86569178
1.86765177
1.78293401
1.84721997
0.24140451
1.75856106
1.29283542
1.92005719
1.83995516
1.62333297
1.11966960
1.79085564
-0.01493271
1.93643835
1.37181414
2.54976045
1.79314689
1.81807722
0.85192095
1.89337537
1.69607731
2.36409630
1.74069890
1.38501934
1.11349045
2.31445391
1.45701846
0.02527914
0.03023596
0.02015731
2.25033632
0.42599178
1.69614100
1.70125620
1.85152183
2.19306856
2.23903369
0.46917592
2.22939918
2.27677800
1.25415084
1.79073808
1.31141433
1.69493864
2.15905267
2.15966269
0.47873608
2.15489444
1.95117540
-0.04800770
2.33105967
1.36559082
1.34519450
-0.04800770
1.69148145
1.39660209
2.24974601
1.83723564
2.15664761
2.25590215
0.28736355
2.25428031
2.22004262
1.75074689
2.14378203
2.21401771
2.16305591
2.29684210
1.68355990
2.21278369
1.82623027
1.68306568
1.88074879
1.75755283
1.69091837
2.12839004
0.20988258
2.18200876
2.29434993
2.31753366
0.13933198
0.16049056
0.24716991
2.23385072
1.95953946
1.91950653
0.08893872
1.66477028
1.73878784
0.41561039
1.73872198
1.82423811
1.92662544
0.37706496
1.82226506
2.26475839
0.06374208
0.11089592
2.27303543
2.08183241
2.28816106
0.42600329
1.80950439
1.11827570
1.98125720
2.21382692
2.15413688
2.31278060
2.18358264
1.92002612
1.81259303
1.79718972
1.88145109
1.68701758
1.88684608
1.89461258
1.35771778
0.11318195
2.10262856
1.17562697
2.08496113
1.87496593
1.21088941
1.20180150
1.88872881
1.85733432
1.89099783
2.18142036
2.01736372
2.24043609
1.89914450
2.28549677
2.23023548
1.72704948
1.88407201
1.28805468
1.29373740
1.28060253
1.28735861
1.29630919
1.76809659
1.81524969
1.86551179
1.84688769
1.92798483
1.27667153
1.89475388
1.81330898
1.39844605
1.40353245
1.30599797
1.79408944
1.29352463
2.18396496
2.27630777
2.28552237
2.29318453
1.34201982
2.28611050
0.08091464
0.10100627
1.75156510
2.14340869
2.13792851
1.88946209
1.00092452
2.21068673
1.01752404
1.81191982
0.29732030
0.80941686
1.76780742
1.89285742
1.77976880
1.92988060
2.30090988
2.16690074
2.21164117
2.17494415
2.33336122
2.23594996
2.31747548
2.29700057
2.30614136
2.22278606
1.88747062
1.90708490
1.79014855
1.80886254
0.12795046
2.25702281
1.84754652
1.84672128
1.77482496
2.22897830
0.24517134
0.38821247
0.39279932
1.86365659
1.78069847
2.19195069
2.26308171
2.17697249
0.38938746
1.86966236
1.58693499
1.87751926
1.85470226
0.44175653
1.85365390
2.21922597
2.14239315
0.48881472
2.31724669
1.78603212
2.23652199
2.25013054
0.01927272
1.85279918
2.31600756
2.24555166
2.21460955
1.48525072
2.10544001
2.13006778
2.26724173
2.17335890
0.15117982
0.11590452
2.46386028
2.53474898
2.52088272
2.45848704
2.54576773
2.02137000
1.27385393
0.65430812
2.46034310
2.55464500
2.45729374
2.55477319
2.43515200
2.46213130
2.46213130
1.51629138
1.26874744
2.52686792
2.55386361
2.55536936
1.28386540
2.51351707
1.29392169
1.28890474
1.26379764
1.29392169
1.29389932
1.29394407
1.27880370
2.46034310
0.72485871
0.69462275
2.52572645
2.48136437
2.46717063
2.51177285
0.67950475
0.69966208
2.51863769
1.26379764
1.29392169
0.69966208
2.43781144
2.44716881
0.69462275
2.45704120
-0.02873497
2.20412447
1.67400009
1.18164626
1.13216633
2.19095603
1.69414477
1.65336466
2.03915070
1.23739244
1.18185997
1.14266353
1.19598908
1.13667211
2.10786658
1.01103966
1.55934272
1.48641189
1.52023806
1.83506562
1.74105248
2.39221220
1.52477261
1.38126079
1.71094557
1.54117886
1.51650304
1.56854685
1.80847363
1.77087941
1.20402506
1.00960580
0.19476459
0.96588033
1.08672146
1.27171744
1.36861390
2.40214828
-0.02696580
2.04113288
2.38695132
2.12548505
1.91057226
2.12796984
2.39865931
1.84084510
2.07532971
1.93161745
2.03940794
2.04233873
0.90366452
1.24105589
1.21745736
2.20043268
0.88069704
2.04572080
2.36467200
1.20956949
2.18315790
2.34897009
0.42745822
2.24294475
1.13788759
1.83771695
0.96582785
1.67981276
-0.01184782
2.19436540
0.00327016
1.88778128
1.71539368
1.14920112
2.10185770
2.02840970
2.10202577
2.15806150
2.35586383
2.28842655
2.11596216
2.24791467
1.10842853
2.36050114
2.34286564
2.30504689
0.99016682
2.16223605
2.24287534
2.15284833
2.34962229
1.19508172
1.76445475
1.48470662
2.16253668
2.25552540
1.33684342
0.28469632
2.08298634
1.02509095
2.28812543
0.38631221
2.28118489
2.14085015
2.22100792
2.26222705
2.33230104
2.21075262
1.01239571
2.18752771
1.37752868
1.32117218
2.24639237
0.94105816
1.20331401
1.30252432
2.04762636
1.53756425
1.76466730
1.00846325
2.12356973
2.34827739
2.34062651
2.28329850
2.02958143
1.99042860
1.34370607
2.27163160
2.18123704
1.11570958
1.92624082
1.80560450
2.30869734
1.86338484
1.69349451
1.77476182
2.38285572
1.15130950
2.03956705
1.86993102
1.86379293
1.85975376
1.88123554
2.32356230
2.35121879
2.24962986
1.86381094
1.87633217
2.09949510
1.98265408
2.10587273
1.08277158
1.15367256
1.72551752
1.19583774
1.71847340
0.93328068
2.04684163
2.13900032
2.24867228
1.93252055
1.93543382
1.69656480
2.33534538
2.03489771
1.63194609
1.08344599
2.36680827
1.13321567
1.03694796
2.31683480
1.81071067
2.18342257
2.05329838
0.23180904
1.98954169
2.13892050
1.07591385
1.31768878
2.18816666
1.61721897
1.34946433
1.59912408
0.73997668
1.61056592
1.96386964
2.65799058
2.60822999
2.47841143
2.56498742
2.00364236
2.60822999
1.48193469
2.32700233
2.46946021
2.24315787
1.98718902
2.00383716
2.47841143
2.72008541
2.66518190
1.61856260
1.61853120
2.08757326
2.66534431
1.69929553
2.75095811
2.47841143
2.00427480
2.70131468
2.78766328
2.49598705
2.24315787
1.49806869
2.59814651
2.49186043
2.50040125
2.66267324
2.57761965
1.48126022
2.70359793
2.65149289
2.57178398
2.60442353
2.00868170
2.23811854
2.55742043
2.46946021
2.75529709
2.62349948
2.63402003
1.61853120
2.60337410
2.62773343
2.54861354
2.56317956
2.47435464
2.47841143
2.17640175
2.61634993
2.46480340
2.66518190
2.00364236
2.22349986
2.49102278
1.40325809
1.62269419
1.36183089
1.51333897
1.38576129
1.42987856
0.67446542
1.34955705
1.55108892
1.98718902
2.00383716
1.61235593
1.61073754
1.61582151
1.61217964
1.63726217
2.55968185
1.38254080
2.08717362
2.66534431
1.69929553
1.62269419
1.79249453
2.49014058
1.61577687
1.51273308
0.71478005
2.26751414
2.48828804
2.24813863
1.20002261
0.94481135
0.93707182
1.22993099
1.29835009
1.16257448
0.77903154
1.06202936
1.18559334
0.67976099
0.82134825
0.96065433
1.14318613
1.42164554
2.21311874
1.21129427
0.42160710
1.47422398
1.25938033
1.64459907
0.69737991
1.39280156
1.25276756
1.10981872
1.49150041
1.48190970
1.18592958
1.41806777
0.55838098
1.71678325
1.87014145
1.34979498
1.15884299
1.41265710
0.97987845
1.07052632
1.29503728
1.87888813
1.15738650
1.77011816
1.53478257
1.09102242
1.44201237
1.16902417
1.14591038
1.72352576
1.62468675
1.39982744
1.17224680
1.26789156
0.89929323
1.26018048
0.81432882
0.79703874
0.82093387
1.11721619
1.22695282
0.69268471
1.48295096
1.53805670
1.01630195
1.04883792
1.00148367
0.91731518
1.75008395
1.80763508
0.58005368
0.57924364
1.55346513
1.09802333
1.81913224
1.41789885
0.66075213
1.19578626
1.97515687
1.28637236
1.23845705
0.98370729
1.23516359
1.52362795
0.79868029
0.58053692
1.80898667
0.92939403
0.86511249
0.58622776
0.58365920
1.75451901
1.08924157
1.77485268
1.72726945
1.79978726
0.87319747
0.72852828
0.72840118
1.21690934
1.30598319
1.07250351
1.66513555
1.55838368
0.91660228
1.26258053
1.62673162
1.83388062
1.24360647
1.65346937
0.87057994
1.69299617
1.34834150
1.56314472
2.01321122
1.45553066
1.07059118
1.68796667
1.35586249
1.76699106
1.30990665
1.22365632
1.76641484
1.41309245
1.67684781
0.89454392
0.98438285
1.94887783
0.96523297
1.92872956
1.46409767
1.42040483
1.60546841
1.55986744
1.83164801
1.37282139
1.50682047
1.12630239
1.90803378
1.94526660
0.86878097
0.85784236
1.73772070
1.75003047
1.58687525
1.51485780
1.63051886
1.41942814
1.04939971
1.71617207
0.91171242
1.42591967
1.31346642
1.32715268
1.28920276
1.18283869
1.00563343
1.50973436
1.41470258
1.71027135
1.84976606
1.21157419
1.05024507
1.36521041
1.19238407
2.11496079
0.93255864
1.27500714
1.33800235
1.50742490
1.12025046
1.77389454
1.49766455
1.45294892
1.17972168
1.74246234
1.33937977
0.82215691
1.10730314
1.21391061
1.32035526
1.68064234
1.13460564
1.61879580
1.29149982
1.12342681
1.31062018
1.67943544
1.30916437
1.64507685
2.10132766
1.29760253
1.48949108
1.38790411
1.12783505
1.99497475
1.19625171
1.21184672
1.56082095
1.54718975
0.78987259
1.79298855
1.21667694
0.93194308
1.44570853
1.13847364
1.71920720
1.55880942
1.45524537
1.40441423
1.44521920
1.60012490
1.40446721
1.40940059
1.40950654
1.40441423
1.38956142
1.58937233
1.39942791
1.41450922
1.40950654
1.39942791
1.40441423
1.39942791
1.40945356
1.20273003
1.65166511
1.65496044
1.58499344
1.58403285
2.44166624
1.31310221
2.52962035
1.92881629
1.86944667
2.44753536
2.52759375
2.44166624
1.40940059
1.92132670
2.44166624
1.20273003
1.51633076
2.42772089
1.80465838
2.47199899
1.26689196
1.57723803
1.57189082
1.51094081
1.78849163
2.46729561
1.40950654
1.40945356
1.58217912
1.53784469
1.12999968
2.06407048
2.27518018
2.24905426
2.44312176
1.65528544
1.79336341
1.48582805
1.48571309
1.49579174
1.49075242
1.46513928
1.47201485
1.47577844
1.48642880
1.48642880
1.49650745
1.48173309
1.47657917
1.48665783
1.48665783
0.87687323
1.70169259
2.06011339
1.95394867
1.34508674
1.27361460
1.74723847
0.95628477
1.12779323
0.29832370
1.94606856
0.65631112
1.61115430
2.12704788
1.07394675
1.22800024
1.84085332
1.82624911
1.76163759
0.96304529
1.69777697
1.89240016
1.76186702
1.66729617
1.03356260
1.02402925
1.66004100
1.05546933
2.15314845
1.49557640
0.81406626
2.18883246
1.80823144
2.16609610
1.77422080
1.06026457
1.70014938
2.03692845
1.50422780
1.58754656
1.91563802
0.88119089
0.88272739
0.92824105
0.98015658
2.14046915
1.21463002
-0.01489091
0.98302598
0.84053118
2.27600006
2.30480084
1.59953958
0.96173720
0.67132468
1.01810410
1.76359258
2.37757721
0.89274209
1.78321893
2.07748273
2.02499614
1.98418165
1.63761152
2.10359772
2.09720803
0.99350338
0.97429675
0.90388376
1.85778062
1.56284526
1.78437891
1.77158890
2.11798919
1.37672660
1.48442794
1.65901483
1.35253815
1.87557656
0.92972475
1.53797691
1.94095721
1.33733639
1.58861650
1.68205803
2.23212405
2.00437995
0.67041828
1.91608759
1.79335441
0.03795572
2.17458635
1.97328978
2.08816442
1.53760171
1.48512261
1.58779451
1.16731406
1.08547055
2.01922343
2.08168726
2.07601914
1.65529732
2.09028123
1.17137984
2.14575416
1.60913260
1.84799549
1.69704983
1.22528647
2.08239304
1.91730647
1.99143727
1.71664491
2.08516807
1.50340326
2.05524305
2.03712841
1.95652777
1.78151040
1.59733212
1.82695086
1.78663995
0.17519701
1.65520978
2.08917369
1.77994813
1.83614632
1.82031264
1.89302175
1.98144254
0.99695422
2.05970273
2.07012844
1.61185507
1.79557190
1.05271700
2.11098972
1.15869470
1.06182536
2.03080568
2.08484624
2.02046073
1.57026850
1.40439677
2.00815785
2.07896046
1.11453652
1.99006964
1.97975190
1.62709062
1.93546404
1.43786748
1.85648355
1.68629005
1.05165564
2.08999435
2.30140141
1.60949604
1.65575954
2.19565629
1.58406564
2.20456918
1.64060123
0.06819169
0.71919857
0.03820805
0.07336407
0.08330966
0.04330247
0.07827034
1.71501825
1.73347721
2.02943084
1.87490574
1.75788306
1.76036245
2.03059699
2.23552311
1.95398965
0.94241810
1.87280205
2.26717477
1.66379424
2.27321544
1.97180516
1.81524936
1.90795326
1.96103703
1.87256879
1.88912804
1.86850255
1.77058771
1.76550537
1.62103627
1.21013741
1.75660606
1.21997142
2.06195822
1.91684660
1.98150009
2.09365094
1.42560952
2.15209530
1.97673617
2.09944675
2.11754389
1.82111293
1.33719885
1.34223818
1.34223818
1.33719885
1.34229566
1.34727751
1.33731385
1.34727751
1.34223818
1.33725633
1.51971671
1.42110733
1.33719885
1.44839897
1.99572199
2.53931973
1.34229566
1.52405800
1.53936956
2.38509823
2.49713402
2.52802294
2.38540585
2.37309261
1.53303250
2.37045837
2.41994575
2.51215332
2.41946373
2.06045278
2.42450307
2.41946373
2.41994575
2.41946373
2.42450307
2.42450307
2.42450307
2.42293240
2.42956256
2.41994575
2.42450307
2.42160169
2.50983914
1.83864581
1.63279991
2.15567186
1.64042591
1.67944773
1.36825519
2.11765709
1.91148785
2.12524928
2.06779826
0.38744848
1.99998196
1.31292388
2.22916033
1.37366707
1.21845509
2.18030998
2.03600142
2.03046374
1.95812778
1.99701411
1.71516149
1.85180663
1.80139635
1.99253104
2.20167515
2.44592415
2.51582503
2.30993915
1.26188663
1.19969582
1.90231955
1.94419858
1.58690657
1.94908979
1.27521360
1.91251830
1.93742958
2.35482014
1.54166246
2.29074032
1.95205301
1.99898125
2.56114099
1.05986083
2.17557135
2.17660878
1.89661032
1.99140277
1.86613692
1.21367932
1.15586646
1.42415445
1.68211261
1.55274718
1.56282437
1.22919822
1.95170351
1.92993015
1.95415530
2.00613024
2.10941595
1.95520969
1.95565549
1.79991019
1.91913930
1.72498958
1.41947978
1.61738543
1.25357932
1.10223454
1.84543378
1.10643000
1.65149846
1.58896998
1.37866099
1.11220896
1.10957039
1.07543873
1.07250431
1.68769154
1.69823095
1.66760555
1.15450445
1.78979409
1.71318608
0.77962381
1.99156326
2.06216649
2.11155415
1.87152973
1.99999717
1.80910045
1.85497900
1.85002730
1.34013228
1.82495979
1.74428164
1.11454437
1.21427720
1.19286661
1.96718964
1.62415156
2.15760761
2.17959217
1.92943376
1.93780043
1.07610999
2.05588351
2.20441109
1.36674347
1.60209012
1.08678813
2.15637429
2.11125487
1.30559577
1.70057893
1.56526966
1.50448874
1.69025683
1.24202939
2.02272813
1.87075668
1.76798406
0.86943419
1.04283990
2.07942654
1.20950272
2.13458578
1.48921600
1.48826049
2.10592525
1.91238616
1.47262317
1.52843654
1.24375664
1.27079460
1.81946413
1.79035176
2.36550294
1.68338790
1.62679885
1.49562991
1.05600781
2.39271403
1.97109039
1.74501258
2.22208003
2.02041778
2.06364534
1.43543445
1.84791500
2.08126717
1.97371500
1.75412933
1.67653614
1.34606900
2.05382399
2.21773882
2.06390944
1.78248599
1.99694309
2.01066682
1.84205679
2.00620004
1.96713744
2.25450393
1.88717504
0.98171115
0.96929934
1.89971222
2.24006883
0.92793702
1.79223491
2.23822173
2.18153053
2.23260690
2.18970604
1.80777312
0.81161167
2.34369249
1.61960700
0.89917538
1.76329002
1.91922283
1.87597907
2.42491625
2.23344731
1.89363267
1.09334283
1.05988654
2.11352717
1.56822330
2.20807997
1.93749026
1.84707826
2.00186608
1.46443320
2.15572038
2.46481111
2.63520932
2.54209018
2.54582336
2.40332263
2.63005315
2.42159524
2.37329383
2.63223909
2.56942902
2.47797234
2.56443603
2.55462806
2.55914180
2.56438968
2.49798345
2.61368211
2.55085349
2.59415484
2.53616861
1.57964477
2.62354018
2.61515685
2.53961155
2.59355466
2.64595885
2.65183017
2.39387821
2.72347298
2.56942902
2.50347280
2.62940134
1.65157189
2.62596501
2.63439876
2.53634687
2.56942902
2.59954638
2.60286416
2.57544720
2.57914032
2.59638914
2.39828332
2.57658862
1.63925065
1.75294559
1.66485438
1.46198707
1.53407379
2.59530045
1.41717787
2.55462806
2.55914180
2.56942902
1.65942569
2.13959316
2.55635830
2.58808722
2.16774974
1.45985614
1.62844401
1.47448815
2.06637455
1.47448815
1.43552803
1.47507502
2.49798345
2.61339569
2.55085349
2.59415484
1.46448404
2.62785975
2.58205358
2.56246780
2.18338412
1.64087322
2.16737899
2.04518298
1.62066409
1.59832148
1.53872750
1.47938102
1.43981610
1.47938102
2.02409196
1.64061571
1.84238840
1.81217418
1.71511322
1.47648523
1.35575587
1.43151368
0.24015814
1.90633181
1.07687192
1.84672330
1.38952173
1.93948641
1.24821498
0.97119298
1.09914955
1.13781785
1.09236785
1.85800351
1.61492311
1.58867603
1.84847419
1.23884031
1.26510248
1.43085653
1.85573138
1.27588559
1.04008792
1.40699423
1.70783421
1.10246522
1.05207194
2.01341301
1.67514670
1.60885380
1.60335225
1.60099604
1.53491093
1.20825558
1.28409487
0.99850146
1.95367775
1.44601237
1.88573544
1.93572009
1.46686215
1.36883022
1.28421526
1.66963439
1.03918412
1.69851581
1.77471116
1.65638369
1.18898170
1.08114834
1.88792360
1.72624064
1.41566648
2.03671737
1.70599082
1.51042940
1.20813214
2.03647235
1.24829410
1.75160994
1.42567823
1.59626653
1.87486125
1.78366671
1.93597241
1.83545985
0.77289854
1.48019945
1.66583878
1.18167490
1.79006415
1.78990406
1.63001860
1.82387236
1.50595238
1.74151111
1.68818334
1.42441799
1.75398776
1.43962661
1.85054562
0.56665703
1.27310034
1.90358668
1.60189855
1.98521299
2.02613831
1.96542713
1.43286054
1.62918909
1.89334532
1.46827093
1.13509060
1.63717297
1.47038541
0.98805681
1.69211448
0.81984956
1.75157943
1.65097669
1.99277928
1.51803834
1.55275235
0.55918349
1.74195364
1.70322091
1.54044462
1.74098875
1.93720845
0.40576460
1.23726382
1.04545265
1.56633845
1.86878807
1.77827002
2.05315531
1.51555200
2.08644044
1.64601815
1.89696743
1.78997790
2.09544507
1.43527710
0.82206019
1.09470332
1.35405745
1.45694082
1.72437273
1.93432066
1.43589945
1.31880559
1.40405827
0.97154876
2.16484918
1.42961094
1.83277907
1.56696939
1.95211014
1.78855571
1.82973990
1.69416249
1.50909767
0.99061207
2.24970100
1.88910320
1.61119186
1.89090736
1.91765323
1.84051409
1.94859444
1.90818118
1.61989575
1.79621027
0.95518283
1.60519342
1.51296901
1.07077088
1.46436192
1.86141536
1.95805501
1.65652207
1.39073390
1.78523865
1.37435490
1.96210310
1.93541208
1.93809796
1.73191858
1.67497196
1.37858208
1.68700865
1.97329311
2.08012437
2.05161382
1.61974071
1.24651817
1.36831853
1.78870601
1.79733006
1.09583837
1.84322623
1.31461500
1.81625179
1.83957531
1.28957262
1.34140782
1.60934842
1.67508788
1.64962250
1.81821312
1.80741718
1.13608842
1.42367630
1.91371162
0.96821913
1.41306917
1.83843400
1.74963362
1.51791488
1.32145232
1.69831432
1.74230793
1.95153931
1.76325339
1.61242905
1.38124203
1.27446604
2.05740296
1.70616692
1.04162983
1.82643902
1.56667732
1.52172193
1.87313128
1.90819225
1.26958269
2.04578180
1.12446534
1.61546050
1.58020484
1.04696010
1.85961064
1.34721854
1.53538204
1.89825229
1.93995761
1.89832223
1.65784867
1.35728717
0.75957349
1.82198422
1.47838825
1.25086545
1.30569781
1.31080016
1.50730107
1.92352538
2.03467122
1.85088890
1.22602042
1.86612413
1.73237302
1.92948549
1.52451147
1.03600956
2.05760012
1.81957502
1.41594804
1.88861437
1.41604501
1.41575431
1.41565755
1.34980657
1.23564323
1.42098735
1.41633628
1.45229274
1.35498478
1.69738100
1.42592978
1.42592978
1.83343881
1.97441072
1.62342912
1.76441677
1.80575074
1.50239818
1.00151932
1.61580410
0.70657008
1.07269149
1.81756322
0.57924100
1.49133928
1.78943366
-0.03657729
1.82647689
1.87223581
0.94600361
0.18122470
0.54154137
0.96006692
0.84342982
1.96024276
1.58834616
0.34686494
0.81977449
1.88409212
1.96992834
2.01279521
1.61649335
1.46433691
1.03476391
1.29773258
1.46387858
1.97722806
2.06360493
2.02575921
1.89720397
2.01546822
1.34526312
1.71037672
2.18123269
1.39298598
0.85575402
1.86369651
1.85780924
1.37423850
1.19125216
0.86320120
1.13861836
0.87964474
1.89990202
2.19621670
1.66796045
1.73677743
1.39848506
2.21876196
1.75394465
1.59821565
1.07708826
0.81502962
1.12769315
2.14957945
0.99614016
1.49340431
1.51338967
1.40605176
1.29609859
1.70608634
1.90417512
1.66347063
1.49396218
1.47887066
1.96258586
1.33575249
2.00794847
1.24853402
2.10474973
1.79014125
1.41132585
1.74136252
1.72429328
2.29471075
1.69224067
1.06163755
2.02970728
1.04945891
2.16590560
1.21525825
1.20422857
0.77705151
1.84889678
1.21157243
1.70383200
2.21004473
2.22899822
2.35991831
1.46385983
2.22536132
2.04064477
1.57469561
1.56786733
2.02158856
2.02457467
2.11211030
1.52687527
1.51281672
1.52306093
1.50781958
1.52224336
1.92189249
1.60991853
1.46784550
1.61890177
1.47240503
1.76506696
0.94271159
1.03691021
1.55623137
1.31558466
0.97675158
2.02868917
2.03797655
1.88924065
2.10878504
1.71145715
1.52952069
1.78362765
2.00890921
1.91615431
2.15727804
1.13027185
2.16147845
2.15016590
1.36398684
1.70567618
1.89682808
1.68482815
1.65821764
1.68513953
1.98738048
1.77895125
1.72904463
1.23008573
1.82940428
1.49335064
0.74401131
0.82676927
1.70438289
2.02383099
1.97573599
1.21165956
1.99960437
1.94545888
1.62616618
1.93678907
0.70675975
1.89584899
1.95310886
1.91928307
1.99854968
1.93601152
2.20423982
1.99429930
2.30485118
1.81036919
2.04283127
1.17078989
1.49763730
0.76369173
1.63394568
1.90037258
1.38596512
1.45894977
1.53074818
1.46401910
1.53052734
2.04651797
0.12598317
1.42472975
1.12748480
1.80093850
2.25606591
0.82392228
1.95512200
1.96220531
1.96448141
2.01523431
2.01429024
2.25280180
2.25354256
1.11729663
1.58968247
0.90870638
1.88020791
1.64757848
1.62728925
1.00359158
2.12043963
2.15944685
1.48622954
1.97894989
1.95611987
1.83755508
1.85307149
1.96945348
1.94357506
1.95057186
1.87882537
1.90473988
1.84825295
1.85791713
1.99220356
2.21408552
0.92625317
1.39266630
2.28941114
1.35125645
1.35113740
2.10238800
1.47340002
2.58589456
1.72040006
2.30888636
1.66042315
1.26410158
1.32039884
1.32039884
1.90985311
1.43053222
1.93526709
1.92066689
1.47875917
1.55409644
1.87823394
0.78828317
1.94585119
1.95577594
1.92706694
2.02192553
2.03323363
1.41209591
2.01982625
1.79219377
1.41961119
1.43484114
1.76327687
1.79579906
1.79800124
1.99316234
0.89008435
0.86386633
1.93238036
1.35626485
1.84367878
1.81778072
1.26306040
1.34793736
1.35542030
1.97309307
1.62142156
1.44843130
1.46321261
2.30328198
0.47357964
1.93750677
1.69957537
0.93830051
1.72029886
1.98419027
1.91577409
1.92614164
1.53048586
1.66498787
1.31921486
1.62125775
1.64442821
1.66955774
0.90886625
1.78774505
2.09856200
1.39047810
1.88196769
1.80005649
1.96557039
1.94877198
1.95242509
1.63115601
1.68891648
1.63171651
1.89465363
2.07136508
1.06724535
1.45643495
1.87840709
1.62674282
1.33986149
1.09005676
1.74428594
1.72460523
1.55508561
2.19563474
1.65045201
1.59974033
1.66993131
1.66919768
1.63059635
1.62968038
1.68174104
1.62110450
1.59233864
1.77391310
1.58465527
1.42739639
1.47732111
1.99914687
1.98094364
1.21227675
1.97223917
1.11508808
1.07863444
1.80533058
1.56784701
2.03993295
1.70895599
1.33245795
1.62744845
1.66637850
1.11886523
1.18927189
1.67038092
1.73468873
1.19826877
1.97450143
1.53511593
1.87030785
1.57012050
1.57911933
1.61732172
1.84814468
1.83506414
1.73415310
1.79733310
1.56475914
1.08595040
1.67184676
1.56403624
1.04236053
1.57578261
1.53708934
0.97294234
2.00403965
1.04540548
0.79923898
1.98740724
2.01668765
1.95210198
1.97169984
1.91921006
1.85516721
1.91255322
1.90252854
1.90251355
1.89206616
1.91372741
1.89126660
1.91627673
1.88230097
1.91192347
2.24871144
1.88639723
1.95566538
1.39748240
2.02740177
1.97075841
1.94384572
2.05686967
1.44807720
1.52883444
1.82528613
1.75773828
2.17229553
1.78939008
1.71004649
1.85705371
1.68760698
1.39584036
1.65430756
1.62393667
1.07024722
1.81514029
1.74882553
1.79124208
1.54346574
1.85801117
1.93269125
1.82879958
1.72632817
1.69679707
1.52014571
1.79428279
1.77967531
2.07518550
1.55427232
1.83593079
1.67813671
1.68784396
2.29577805
1.86128061
0.64332244
2.24054086
1.94198105
1.74248212
1.40767271
2.03513766
1.94331751
1.86132221
1.80937773
1.84908371
1.43515193
1.44609264
0.79554769
1.47882304
1.86441067
1.21616773
1.64303084
0.85485417
1.83203601
1.88049453
1.88031752
1.90839786
1.84952542
1.08366945
1.10969402
2.18792586
0.92698842
1.94442569
1.41929827
1.80572822
1.60817956
1.49940736
1.67637822
1.72506294
1.82842589
1.57806069
1.79630361
1.27103815
1.50310847
1.59982135
1.51142599
1.50578741
1.60646608
1.60106502
1.59065323
1.49001777
2.17386461
1.90352264
1.18046363
2.09956342
1.43877742
1.04994563
1.89836005
1.82707044
1.02942157
1.67100684
1.67082836
1.59720268
1.55881341
1.93136216
1.30801213
1.38868802
0.81833272
1.92628511
1.89604808
2.05777653
1.63985620
0.89729448
1.85302782
2.12271201
1.79232244
1.81060803
2.19211162
2.16731007
2.42149117
2.00963152
2.42995820
1.98717212
2.16240313
1.68551398
1.47168409
1.82298717
2.52401455
2.24937501
1.68551398
1.86848505
1.78732206
1.86131559
2.19682599
1.49169755
2.19682599
1.82302176
1.88979780
1.91727964
1.42817029
2.05834329
2.06456033
2.01754201
1.90767328
2.09113758
1.74182327
1.97915837
1.89644237
1.84891778
1.44867288
1.84387844
2.07774248
1.89738802
0.03602646
-0.03763418
0.28899127
1.61678670
1.75575797
2.18360155
0.91204069
1.66068018
2.17441351
0.87138492
1.67412527
1.63776083
1.59224985
1.53916112
1.51881109
1.59785541
1.57127476
1.51439439
1.74161823
1.50603754
1.66390332
1.81565427
1.59819981
1.74942276
1.68840729
2.27623031
1.94811320
1.83639873
2.22900265
1.33779609
1.96816682
0.83862959
0.86651778
1.76029306
1.26878191
1.96934020
2.02121741
1.47499656
1.73827126
0.71791346
1.44620760
1.77444595
2.05493215
0.98132360
2.18987214
1.01613956
1.02177278
1.30791005
0.84578011
0.89514131
0.92932143
0.00503933
1.72841204
1.05522794
2.38060805
1.11448971
0.49073018
1.13429040
1.16488365
2.29293555
0.43882188
1.91204807
2.34127295
1.40010331
1.32184729
1.80898630
1.31197883
2.09930752
-0.02755553
1.26514195
2.35546079
2.06226738
2.10825280
2.13919555
0.84586473
1.87218245
1.08246835
1.87837346
1.09795927
1.90319657
1.83520131
2.06292710
1.95260507
2.12758614
1.88364778
1.76874981
1.92618489
2.37036379
1.85329800
1.82643884
1.77125250
1.74770395
1.70499762
1.66267116
1.70931160
1.72847403
1.66090376
1.50694229
1.75882289
1.63550529
1.67990469
1.83214337
1.69553033
1.78936148
1.81001788
1.64059317
1.70880428
1.73369951
1.63841921
1.73567258
1.73981500
1.54568473
1.69966145
1.69687168
1.66276238
1.64580332
1.71558493
1.62615914
1.62613082
1.65795399
1.61350254
1.59585925
1.66043132
1.68380982
1.69188402
1.68694476
1.73132337
1.67178587
1.67281192
1.77555202
1.72515866
1.70503854
1.58044411
1.77115505
1.76464538
1.92785415
1.67345838
1.58192308
1.60905837
1.62734737
1.70882002
1.70547926
1.68903324
1.86164524
1.84046726
1.68402447
1.75236673
1.67727305
1.66642944
1.94402288
1.74136508
1.73829177
1.69619022
1.69610146
1.64864212
1.74261440
1.87835262
1.39082632
0.45857875
2.31163594
1.62482052
0.60384217
1.98500118
2.05801412
2.16330837
2.09052722
1.68096841
1.79492908
1.82690102
1.92154504
1.10415317
2.17487770
2.24928240
2.34605742
1.07911063
2.21398694
1.62969453
1.87732006
1.78351641
2.31643063
2.19467775
2.22009378
1.22387654
1.46286623
2.04150683
1.37340695
1.69076167
1.95931937
2.35557674
1.18787262
1.60598203
2.52224453
2.53805914
2.20237212
2.20232532
2.19234030
2.20237212
2.20237212
2.49780634
1.35054180
2.06664834
2.49949324
2.50876596
2.06176917
2.84420470
2.75033095
2.40183790
2.57733969
2.66655298
1.58046660
2.41030801
2.76019175
2.45779177
2.66554609
2.49949324
2.75442641
2.75577156
2.50390187
2.58727066
2.61774705
2.84238295
2.48374458
2.49972825
2.74812314
2.38425204
2.75996549
2.41037681
2.59602829
2.03173735
2.49949324
2.52330306
2.74812314
2.40432896
1.44531085
2.49972825
2.58275178
2.21245078
2.48639920
2.49485044
2.58676312
1.76862433
2.20745827
2.49485044
1.44543311
2.49042804
2.75996549
2.75577156
2.63833083
1.85227622
0.49779411
1.31051278
0.49275478
1.48246901
1.33296790
1.49216955
1.41831796
2.41534734
2.48639920
2.56193733
2.21828812
2.36483036
2.05879451
1.65322835
2.16607368
2.20616111
2.16382764
1.79423718
1.72726623
1.73430483
1.77309217
1.79106387
1.87965408
1.91555720
1.81301674
1.37047646
1.79914635
1.85716116
1.87616368
1.80776512
1.87843905
1.75123947
1.94807740
1.60610453
1.72821683
1.83761940
1.86155462
1.78900967
2.18486634
1.42387986
0.96126614
0.01897786
0.00889921
0.29506333
0.00771976
0.74214484
1.92480243
1.99672042
1.93990000
2.22508173
1.66454808
-0.04267351
2.10176693
1.39189696
1.89568009
0.22209255
0.85043723
1.69134544
1.90935524
-0.02369565
0.47726711
1.97641553
1.83972883
1.93679027
1.81755467
1.45691779
1.83857009
1.35009443
1.85081262
1.79673798
0.93866544
1.66375367
1.01851957
-0.02251620
0.93780120
1.64662692
0.92006493
2.00388778
0.40725254
1.61047172
1.77945431
1.97995396
1.94471721
1.13980939
0.18795608
1.63182357
2.08248312
0.93495231
0.86631173
2.16912841
2.08903627
2.09566493
2.19570744
1.59955260
0.35000007
1.88776846
1.36407215
1.09414650
2.21804335
0.97518903
0.97711436
2.16652736
1.09851980
1.86467525
1.87183563
0.12095764
2.00514523
1.74628373
0.03795572
1.37542334
1.37811564
2.11586365
2.14178198
1.76487664
2.30342632
1.72927013
2.05065349
1.64722387
1.93800570
2.08844704
0.98113733
2.01329291
1.94326864
2.01389440
1.39967852
1.39629520
1.39674254
1.39701625
1.40409729
1.40049882
1.40537553
1.40463762
1.39902385
1.41311754
1.95705688
2.31068933
1.74109422
1.83973433
1.81720899
1.93998289
1.84906179
1.55543780
1.58209838
1.56316530
1.58970647
1.09917256
1.55108242
1.61748586
1.56375306
1.58276161
1.89714812
1.46432416
1.48360779
1.90293032
1.86359515
1.52331769
1.83993451
1.92305612
1.48170033
1.67702845
1.81510673
2.34644205
1.68071023
1.48662337
1.48455381
1.99990617
1.48349709
1.94592234
1.76294864
2.00575846
2.22561010
0.90712121
0.92155982
1.84142937
2.11729655
0.81008098
1.09391659
2.14999610
1.78708351
1.89372121
1.42545115
1.86739166
0.03409584
2.08705530
1.84702123
2.45006624
2.08108556
1.27863499
1.67346430
2.14266074
1.99692557
1.16943918
1.93205159
2.05350641
2.17463904
1.88088323
2.18211608
0.87069192
2.07789992
1.93892153
2.02472136
2.08854506
2.25844343
2.19199198
1.57840033
1.44933384
1.77398825
1.78212996
1.84511052
1.77624502
2.15857760
1.81780630
1.61027041
1.62881271
1.52111278
2.07590877
2.06415014
1.49748290
2.07217462
0.18156251
0.18146876
1.80464515
1.72789912
1.70543301
1.63088822
2.06549058
1.60171776
1.88760104
2.25504123
2.24125508
1.52466295
1.72213323
1.72327548
1.02448673
1.59469465
1.69410695
1.20015014
1.88801925
1.58280360
1.61957558
0.84480896
1.80949198
1.36998165
0.96889396
1.39126848
2.23410589
2.19181867
2.09323333
0.40196673
2.17846020
2.16639511
2.17218205
2.08552455
2.19313653
2.02224475
2.27643915
1.74027235
1.14029353
1.95064133
1.95916878
1.86696706
1.90800225
1.68810801
1.63930673
2.22438411
2.01398348
2.50601687
2.14917131
2.01949972
2.49990363
2.40693951
2.39584268
1.61424372
2.51249140
2.38100223
2.00739032
1.46526823
2.42502557
2.49916745
2.36956438
1.92325521
1.56295060
1.57274147
1.93333822
1.55791130
1.57274147
1.57273713
1.56821120
1.57274147
2.00565291
2.46565064
1.93333822
2.30415737
1.53848949
1.92863077
1.92325956
1.53848949
1.55789809
1.57305669
2.03506004
1.92863077
2.40693951
1.53820079
2.51177133
2.48114551
2.51891229
2.42208635
1.53657455
1.53848949
2.20651714
1.29831853
1.85435007
1.24953446
1.33295756
1.59483342
1.56737922
1.83701003
1.24057584
1.10042957
1.23406866
0.87413361
1.11525840
1.21275717
1.15038961
0.51108643
0.66474259
0.72540279
1.01341197
1.24218506
1.75917908
1.44550830
1.30053671
1.20345100
1.25924417
1.76759682
1.30374691
0.87417728
0.14044584
2.16045821
2.17557618
2.12386491
0.29709693
0.29541308
1.85580278
1.75503947
0.53804478
2.01155864
2.18253765
2.06539309
1.92578206
1.40598333
1.52146628
1.59040422
1.02532879
0.88601560
1.86350951
1.76147651
1.10418008
1.54296832
2.36900750
0.54709535
1.76672066
1.14827241
1.18516530
1.89951792
1.65609956
1.66148334
1.73902591
1.97291428
1.08985989
1.72540869
2.12361940
1.10254210
1.30737837
1.97446472
1.85885662
1.57309025
1.62111701
0.59191305
1.37715246
1.80093487
1.65498683
0.83775705
0.66489100
1.81462877
0.99288537
1.28491577
1.29038219
2.01048982
0.71765407
1.74176665
1.74159087
1.78399524
1.21040382
1.47831107
2.09675117
0.71982156
1.07568128
1.04929476
1.06236396
1.07135079
2.00554542
1.08424474
1.04509272
0.86171428
1.63070125
1.00992251
1.46072080
1.53690989
1.64238129
1.74350294
2.23014936
1.79192985
1.43516010
1.70946636
1.66595941
0.75857699
0.76340486
0.67961374
1.66172837
1.85013957
1.74674703
1.72889210
2.07974294
1.66770795
1.62953375
1.84528347
1.85772823
1.61440321
2.10739690
2.03634557
1.98180607
2.05002798
0.70141449
1.88806566
1.40786170
0.76954693
1.44610338
0.89511383
0.97025565
0.71007674
1.94740964
1.46336920
1.41762128
1.76243029
1.75760231
1.87935679
0.54718885
1.26956487
1.97445279
1.77863149
1.80841294
1.92185155
1.81798934
2.10911622
2.28712660
2.30172376
1.31345898
2.01481869
2.11317947
2.05310328
1.82279022
1.67187178
1.83715265
1.65779243
1.68576670
1.62857293
2.03718509
1.95006977
2.09366843
2.24144914
2.12879920
2.02123505
2.19841162
2.09449855
2.09208919
2.11785516
2.01012729
1.34158345
0.87735361
2.02821591
1.41141659
1.14578781
0.65288504
1.80216719
1.23259666
1.77458463
1.77118236
1.73609541
1.83733725
1.84281514
1.76942275
1.63673723
1.88213887
1.66744512
1.66233104
2.04819990
2.17257219
1.69191137
1.54048240
1.70976927
1.83563962
1.60017386
1.55646515
1.47964003
0.87793762
0.90605413
2.07580834
0.84438614
1.35370882
1.35445392
0.50447104
1.36639589
1.05756637
1.99809456
1.65026282
1.62527611
1.83745425
2.23252076
1.71998132
1.29182787
1.55667813
1.61175298
1.46097332
1.55699887
2.04738310
0.97970797
0.99322201
2.23468489
0.59359813
1.31759689
1.77400416
1.75263993
1.74048150
1.74385403
1.51182276
1.78166741
1.75168844
1.43100074
1.76149406
1.31222139
1.52486991
1.77991699
1.42514828
1.94296059
1.97024687
2.12082160
1.09076414
1.09081397
1.10200769
1.10506758
2.13303490
2.12084074
2.13344328
2.11422583
2.00347391
1.79312524
1.93564648
1.58514615
1.46112653
1.12527006
1.48281073
1.24049811
1.78948810
1.63136987
0.90292568
1.20486466
0.83366657
1.32466163
1.85503052
1.99097117
0.64486080
1.64323022
1.15381869
1.21617905
2.00619569
2.10097074
1.22900130
1.24092790
1.13881301
1.73282466
1.22103669
1.20423668
1.23143981
1.18576401
1.25565275
1.69974623
1.13701525
1.22533176
1.24437401
1.17675322
1.20134989
1.23657204
1.25691933
1.16526986
1.18945409
1.86930643
1.92297627
0.95514343
0.69340665
1.51962464
1.65468037
1.68275179
1.99917555
1.63570787
1.20914203
1.19261963
1.51175364
1.40701904
1.10187645
1.10187645
1.02371452
1.22843306
1.82524829
1.98629094
1.58267977
1.53129615
1.57719833
1.56469432
2.61088513
2.13430450
1.57723711
2.05948082
2.09238074
1.98800136
2.02310902
2.05535012
1.99455066
1.82528995
1.93940792
1.86647097
1.53125778
1.82524829
1.56854454
1.58069813
1.99270968
1.58267977
2.09887125
2.13570465
2.05948082
1.98105780
2.10276028
2.01149583
2.56347793
2.50801947
1.82526912
1.56866246
2.50465801
2.55256765
1.99625091
1.56096375
1.97952467
2.59418316
2.08733098
1.55557509
2.14354787
1.55885043
1.82524829
2.08365994
2.01366825
1.45998624
1.56879909
1.57719833
1.56501077
1.57023118
1.57023118
2.59160284
1.56257397
2.11808573
1.58346889
1.94924247
1.58348792
1.13248852
1.23310109
0.98275202
1.21470247
1.16891944
0.97319531
1.10762039
0.84522422
0.81618295
0.75044874
0.85102859
0.84294754
0.76027982
1.61403250
0.78530888
0.77361531
1.19319685
0.31987531
0.22026190
0.22429608
0.15684338
0.32385710
1.41787079
1.06836564
0.97049973
1.76486498
0.86610335
0.82454596
1.72675455
0.88667771
1.10540313
0.94373316
1.30348375
0.99271391
0.94621122
1.14122455
1.06901689
0.95477631
1.21151792
1.86288398
1.79495019
1.67125441
1.94849816
1.81432687
1.75570105
1.74887256
1.59797217
0.95002651
1.96824214
0.26484234
1.07787268
1.09844542
1.18102862
1.13542940
0.67826601
1.24163794
2.12087404
0.93029240
1.10394653
0.59929310
1.18840176
1.66754966
1.30516526
1.48207382
1.27283588
1.95551349
1.93159831
1.32037073
1.96057848
2.06625567
1.19976832
0.70024279
0.84036367
1.07584993
0.88528619
0.65742003
1.26855402
1.03493503
0.72036558
1.06078418
1.77365109
1.05501999
0.88639878
0.79650878
1.71939573
1.18889635
1.07348641
0.98260269
0.56889652
1.30674237
0.70354035
0.70824685
1.13619453
0.79840784
0.46824739
1.36139690
1.68539266
1.28408092
0.96123256
1.15815503
1.27829692
1.54128654
1.44220837
1.41963247
1.80905144
1.31567384
1.11856638
1.24219362
1.52581479
1.87473436
1.95474055
1.64088404
1.40305787
1.86736577
1.76064681
1.03892792
0.51425904
1.44168291
2.36746419
0.93230642
1.60657169
0.94602002
1.67418373
0.97466083
0.93082599
1.32367881
0.89033073
1.20100331
0.93375318
1.32083719
1.70369391
1.09662983
1.27533120
0.99690781
1.26331774
0.98918674
1.23315533
1.27791567
0.45400825
0.99759530
1.28083197
1.65157308
0.89334316
1.34467480
0.95437129
1.01400774
1.14052198
1.29708971
1.17362112
1.43156645
1.33023793
0.98287440
0.94585683
0.84042065
1.58125870
0.93787856
1.21501902
1.91013277
1.34254101
1.36415829
1.31402526
1.34441960
1.47402014
1.37136505
1.37371572
1.19283951
1.32330958
1.39727440
1.36446081
1.25956838
1.27487615
1.88661503
1.22391708
1.93783926
1.23687890
1.39706370
0.54097035
2.16530777
1.57665336
1.69134659
1.60851607
1.19062225
0.88775557
1.24848899
1.35898238
1.18942530
1.74467950
1.03608532
1.16752930
1.17656319
1.08323491
1.09740295
1.10127599
2.47779849
1.09889894
1.10892030
1.10417000
1.17321652
2.41260344
2.37917521
1.16930382
1.16917168
1.12307090
1.35529254
1.46030792
0.89523196
1.47138150
1.20688638
1.76325223
1.37902406
1.80887255
1.48050443
1.43122883
1.48040976
1.48040976
1.48043345
1.42662257
1.48547278
1.43122883
1.48040976
1.43079675
1.53543298
1.50934413
1.74480955
1.23401366
1.23401543
1.27041802
1.37324995
2.20303149
1.47329154
2.17863725
2.11197060
1.48053331
1.69822334
2.04492622
2.13199797
1.47547018
0.80675950
1.90070147
1.89916423
2.14120923
2.10896717
1.47547018
2.01738448
2.04756074
2.15378513
2.14983021
2.00236525
2.16240079
2.18499961
2.11995811
2.11207582
2.25245902
2.79895842
1.63494986
1.28934089
1.19226635
1.19242110
1.49973754
1.28741695
1.42280549
1.40303305
1.36350960
1.04771162
2.15718161
0.40186359
0.66854525
0.78409784
1.47024047
1.68889895
0.67768650
0.97720278
1.79776365
1.46582744
1.57607823
1.59641433
1.60177038
1.01392669
1.01915743
1.79290993
1.12769964
0.13232727
0.12227384
0.51944961
0.71590244
1.13709983
2.18557055
2.09513160
2.19409395
1.72545027
1.71673284
-0.01376848
0.89879397
0.87002506
1.78151559
0.79545580
1.58557866
1.85358007
1.85715643
1.62350798
1.77799606
1.58067779
1.15236455
1.76073549
2.01934973
2.01510474
0.58636407
0.54853178
0.34344428
0.63730406
2.00580025
1.80225873
1.60645141
2.05530820
0.04921382
1.77433676
1.22272110
0.88383616
2.11150966
1.09246133
1.00213451
1.99108132
1.79589562
2.08534639
1.32699231
1.44897638
1.82009744
1.75944002
1.82062493
2.04517563
1.69836301
0.77913698
0.78838398
1.64536481
1.50461219
1.41419060
2.59322697
2.44834244
2.08906102
0.80100536
1.87461938
1.73943418
1.07761675
1.73513334
1.28534279
2.22449055
0.81286249
0.65241112
1.60595294
1.66973996
0.79203912
1.63169977
2.11260730
0.98423190
1.88433742
0.53918220
0.53657510
-0.06399168
1.42215959
0.81804939
1.94340049
1.82946353
0.45999551
1.47367812
1.79017869
1.37200752
1.98916033
2.01947467
1.83898947
0.84761541
1.69369470
2.04865748
1.91196920
1.87621889
1.14098809
1.11429885
2.08135340
1.43007074
1.90777893
1.10275911
1.09025211
0.80615026
1.11417967
1.28643959
1.79981128
2.03396791
2.01230548
1.75857795
1.81469723
1.78662143
1.78662143
1.78158210
1.29817406
1.29898562
1.31247068
1.31819977
1.75043953
1.31252807
0.87799288
0.88805146
1.32715795
1.32415924
1.32419818
1.31168624
1.32018454
0.88936167
1.32252021
1.30944561
1.35967360
0.18748853
1.38328276
1.24088204
1.06068972
0.95829064
1.49885038
0.84384283
1.13647582
1.07829009
1.02903023
0.80423171
2.06783199
2.08488490
2.14010618
1.86784695
0.80811826
0.99263153
1.38270901
1.85821198
1.46487905
1.07861120
1.71108176
1.63767219
2.19548355
2.07624489
1.88441910
2.28379077
2.30434698
0.84389976
1.89615545
1.65598920
1.36283672
1.53388944
1.91461308
1.80798185
1.87332534
1.18719589
2.01973546
1.41014066
1.83301324
1.53743664
1.15082423
1.33995992
1.27255450
1.36341733
0.99523546
1.81480693
1.49009503
2.05159245
2.05159245
2.45364652
2.06167112
2.05159245
2.04143654
1.51768251
1.48767576
2.12934679
2.45364652
1.37167991
2.11923068
1.55347597
2.11926815
2.12430749
2.12430749
0.72960316
1.94174362
2.11926815
2.12430749
2.39815702
1.80808934
2.11926815
2.48124979
1.71945875
1.65167173
1.55437392
2.49077492
2.48947263
2.63146514
2.53904949
2.57732135
1.54555617
1.30381198
1.63852631
2.43528649
2.41354514
2.50464714
1.52637021
2.53089739
2.47532339
2.45589737
2.09390108
2.09386427
2.60722994
2.54912816
2.52071968
0.71952452
2.49583044
2.45074317
2.09393790
2.56982341
1.27904962
1.16941577
1.15514182
1.14561630
0.73558200
1.40364142
1.36440845
1.67459877
0.79497536
1.52872285
0.63420128
1.22740426
1.14085327
1.97171008
2.09560329
1.37410295
0.51524210
1.89562947
1.90590237
0.38899341
0.39463271
1.19061608
2.01231595
1.21404359
0.07327096
1.64054584
1.40577844
1.38755789
2.01212771
1.24640313
1.99737063
0.88803289
1.97166463
0.98819032
1.50649219
1.64592939
1.34802189
2.00561848
0.81883303
1.23508623
1.43572234
1.58353960
1.36023059
1.36414579
1.98840335
1.91506687
1.88952658
1.33603673
1.37028241
1.86692671
1.88065955
1.86108941
1.85575961
1.91948590
1.87997721
1.87047932
1.37611125
2.01217777
1.14336537
1.50807868
1.81849289
1.43701823
1.12260697
1.19619483
1.11606741
1.34038301
1.15637499
2.01226588
1.53750582
1.59661845
1.70689243
1.02721975
2.01677343
1.96075955
1.99577824
2.00509594
2.15761440
2.14989379
1.99944883
2.44126714
2.15709812
0.35257505
2.01820547
0.86005034
1.05941434
2.07158510
1.65734990
1.16130957
0.59130365
1.34873529
1.97160748
1.28175530
1.75982893
2.01231595
1.14630678
2.01230643
1.79263786
1.30331462
1.32147448
1.76325161
1.66134370
1.79789495
0.62135902
1.25004065
1.49249327
1.46376619
1.60467375
1.02303160
1.46300760
1.42930221
1.73191712
1.75383178
0.96889718
1.67449766
1.96915674
1.24305799
1.89113199
1.78346862
1.34215012
1.86652217
1.07810799
1.35774978
1.36223034
1.64114682
1.19914226
1.43814722
2.37585482
1.65434315
1.52570596
1.52014333
1.35049612
1.55405786
1.65824119
1.33936068
1.76372021
1.96947204
1.04473288
1.58584268
2.08745671
1.45017055
1.79559267
1.63109954
1.47658172
2.38507949
1.16433195
0.91940760
1.65017290
1.06467874
1.23119468
1.42296106
1.36111641
1.83775698
1.82532656
1.82561914
1.24360290
1.60957775
1.18461631
1.83975782
1.05898014
1.03779127
1.07944448
0.91077168
1.84661720
1.97027824
1.49467700
1.17290743
1.69709962
1.35999876
1.93751725
1.92245283
1.50779049
1.19619996
1.30036008
1.60900819
0.82186039
1.14151556
1.13944566
1.22189803
1.32129152
1.20289500
1.46481402
1.57459527
1.22057434
1.69816152
1.47387295
1.97176811
1.94935737
1.96159765
1.94986760
1.95556404
1.30202442
1.31120849
1.31947808
1.60956557
1.40883290
1.96825318
1.85475981
1.95819347
2.01785653
0.95793943
1.20867713
2.04739466
1.90727334
1.42502372
1.73990488
0.92610210
1.19109083
2.03452904
2.10113447
1.95030221
1.35644450
1.68577785
1.57210511
1.61816025
0.69331334
1.11478009
1.73849938
0.96226167
1.41369902
1.66170945
0.74174873
1.71246922
1.62071772
0.68201166
1.02513696
1.80919798
1.23310212
1.28331428
2.00808906
1.49477462
1.49159184
1.37906499
1.13623199
1.12121658
1.65993751
1.73394257
1.45249733
1.44256082
2.14891192
1.45249733
1.44750539
1.45756035
1.45758405
1.73403064
2.15380887
1.42710236
1.74081068
1.42709041
1.42707845
1.73898190
1.43214169
1.42710236
1.73674699
1.42709041
2.02708898
1.93649126
1.41056229
1.42037607
1.39935275
1.73415598
1.43212974
1.39909196
1.37300815
1.91196551
2.17905306
1.91700484
1.80368876
1.42947863
1.43214169
1.78874823
1.76859030
1.86577604
1.86577680
2.17538460
1.42947863
1.74402124
2.17356980
2.03464740
1.42707845
1.63422897
1.41056229
1.42037607
1.64658270
2.05480470
1.14597636
2.32130892
2.17317701
2.26129149
1.47746852
0.83524283
0.76514774
0.29203050
0.71506576
0.97605051
0.42676668
0.22224186
0.45893656
0.28461512
0.89705984
0.88820077
0.46275478
0.64082070
0.84329825
0.60431896
0.48803024
1.23894766
0.85802547
0.71762275
0.94264020
0.92619339
1.01316018
0.86935795
0.22650154
0.08943264
0.53833648
0.35277244
0.12094385
0.10078654
0.88866332
1.99419074
0.11086520
0.96442120
0.58906406
1.22627213
1.45887341
0.40251843
0.69314081
0.56407856
1.74045557
2.05124714
1.88632052
1.80488520
1.79454488
2.06201561
1.71347085
1.78138031
2.11975782
1.79892639
1.77569916
1.74515955
1.63704769
2.05578998
1.90609074
2.13811213
1.88430999
1.78260373
1.83217255
1.93841468
1.82377471
1.89933088
1.84000435
1.84413160
1.88450775
2.19354952
1.85720113
1.69799755
1.77302056
1.73083837
1.45034485
1.40208082
1.53020702
1.56700131
1.44619683
1.50276242
1.81558241
2.18440900
1.74212674
2.14226659
1.72552228
1.78999564
1.85144400
1.70619117
1.69780513
1.74987330
2.14219239
1.77187720
1.70083204
1.86289478
1.59107414
1.88616638
1.76035438
1.84052887
1.79476972
1.79506681
1.77871067
1.75938476
1.75694317
1.30897053
1.00674309
1.05715779
0.64819865
0.94323790
0.62915495
0.97939178
1.37326651
0.88818265
0.99504172
0.64439115
0.58103521
1.26066483
0.98376945
0.46993394
0.98933551
0.65391555
1.29683508
0.89460572
1.31428292
1.76137296
0.97804725
1.10265441
1.12420086
1.21346868
0.70050117
0.83528326
2.11345766
2.15388182
2.31996924
2.05327022
2.04823089
1.05684060
1.86243331
1.85760678
1.86264611
1.86222073
1.86253970
1.36464687
1.86523711
1.21458665
1.86264611
1.73712244
1.41891881
0.97429386
0.96926085
2.05327022
1.44820073
0.58180465
0.76210627
0.98251993
1.46377121
0.57490454
1.34362425
0.83245471
0.65186600
1.64126564
1.12256896
0.55121662
1.54368181
1.31594649
1.39960924
1.44633504
1.11085234
0.56380227
0.68999234
0.38243676
0.20325228
1.10508890
0.13417461
0.51656365
0.42118432
0.47426608
1.80112412
0.46928544
1.38178328
0.78450018
1.38790460
1.53953508
1.57229451
2.28621029
1.05640995
1.04311495
2.21003420
1.42464172
1.47456894
1.39973679
1.70046440
1.73613069
1.47104106
1.13238105
0.94379087
0.30771983
0.87337848
0.68737445
2.21018914
1.12586256
1.30767469
1.10111571
0.75363471
0.45346293
1.63162898
0.78605861
0.78214577
0.51214095
1.45658586
1.26221956
0.59250217
1.19959008
0.47639104
1.43371609
0.83430443
0.75862019
0.51176994
0.74380908
1.00045502
1.65682039
1.86739303
0.48521996
0.71932861
1.32964353
0.53251990
1.35148740
1.44865697
1.51107847
1.64024268
1.68897745
1.43052997
1.62321310
0.46141724
1.91635787
1.05051812
1.13179290
1.34858571
1.99013225
1.45881559
1.66180920
2.02963921
1.29510151
0.99825697
1.10967626
1.11977594
1.12509440
1.12983356
0.99132889
1.04888845
1.77519660
2.06874584
1.07727107
1.07049837
1.31910218
1.79655621
1.33251255
1.65104626
1.56823449
1.26371508
1.36128847
1.27507422
1.39513304
1.29074220
1.65849000
1.66935150
1.65224004
1.67004614
1.64672918
1.57427839
2.17521350
1.61862514
1.64258798
1.64547929
1.63609834
1.32548829
1.29285140
1.26972351
1.62194156
1.65709558
0.81935549
1.44020921
0.85708332
0.66168671
0.72396678
1.12554006
1.04200002
1.15138044
1.07157690
1.09720013
1.17462642
1.25354255
1.43876686
1.83030842
1.08964486
1.24679072
1.39298456
1.68332752
1.25654252
1.71926092
1.19777827
1.52602858
1.03248934
1.05176497
1.28157065
0.80036274
0.80515809
0.82993047
1.47852460
1.79794822
1.50720755
1.23200152
1.30254725
0.87430647
0.87176075
1.05782516
1.35588954
1.33085579
1.00855145
1.05330852
2.26181045
1.95070762
1.71489240
1.55132715
1.65029305
1.03377978
1.37920643
0.88424961
2.04426915
1.22966141
1.20731315
1.20663590
1.19835695
1.19835695
1.68483216
1.69764663
1.22428342
1.54212337
1.77535049
1.71672755
1.24742572
1.23389413
1.41087554
1.25259557
0.74398844
1.12504387
0.76499587
1.39771744
1.02780884
1.45282672
1.05570602
1.63069023
0.88714341
1.50262447
1.61039253
1.23921477
1.55082319
0.61104744
1.56162497
0.78045178
1.53931781
1.21943161
1.58636658
1.61464324
1.13517477
1.25939406
1.44862961
1.74315399
1.70748767
1.40601888
1.59730718
1.42015909
1.38612003
1.81815334
1.23859717
1.60721259
1.89864595
1.76597190
1.35595330
1.89917989
1.36099264
1.95105253
1.35324258
1.94477313
1.60217326
1.89596236
1.86518883
1.84037877
1.91286283
1.81502972
1.84361852
1.59582840
1.89500749
1.40601888
1.86116036
1.51942251
1.71440581
1.01343837
1.89864595
1.55298286
1.52985121
1.28691711
1.58150675
1.47488070
1.76098651
1.62284555
1.74476129
1.55492895
